30

0 1.0 100000 106265.6690344105 1.5321587076896406 0.3333333333333333 0.7824420331520548
1 1.4949999999999999 100000 107178.93912064555 2.2255076388899204 0.6478333333333335 0.7089053652242363
2 2.0800000000000005 100000 99740.16073200248 3.0609183363900683 1.1093333333333335 0.6375815322660194
3 2.755 100000 90299.59466931268 4.075563717411774 1.7448333333333335 0.5718792652218903
4 3.5200000000000005 100000 80699.79393583788 5.266735008737669 2.5813333333333337 0.5098797776894365
5 4.375 100000 72565.15122836221 6.707139322964132 3.645833333333333 0.45642498869069187
6 5.32 100000 65527.6884266635 8.397825764727129 4.965333333333333 0.40873584753461817
7 6.3549999999999995 100000 59483.44066743304 10.358419361270183 6.566833333333333 0.36603905438637435
8 7.48 100000 54506.02152574469 12.658224252532834 8.477333333333332 0.3302904764357395
9 8.694999999999999 100000 50027.49071564635 15.231680774640168 10.723833333333332 0.2959520691119086
10 10.0 100000 46424.07113704984 18.245456230736362 13.333333333333332 0.26922444883170693
11 11.395 100000 43205.43335557301 21.612902546634015 16.332833333333333 0.24430171754617
12 12.879999999999999 100000 40403.908394654565 25.399191429819716 19.749333333333333 0.2224424392444719
13 14.455000000000002 100000 37895.582844853685 29.591838590016035 23.60983333333334 0.20215050979295884
14 16.12 100000 35699.095580419875 34.2643143246732 27.941333333333336 0.1845354595870837
15 17.875 100000 33841.66209894491 39.5413026221281 32.77083333333333 0.17122524650985782
16 19.72 100000 32117.45012504042 45.28150590437683 38.12533333333333 0.15803742450958982
17 21.654999999999998 100000 30576.6031467021 51.59754333397004 44.031833333333324 0.1466292678251546
18 23.68 100000 29085.904943505302 58.30967542096001 50.51733333333333 0.13363720568448992
19 25.795 100000 27796.033548430976 65.74550288947965 57.608833333333344 0.1237600930640734
20 28.0 100000 26655.93749358262 73.91484624672313 65.33333333333333 0.11609999004456086
21 30.295000000000005 100000 25563.209156292898 82.61071079085217 73.71783333333336 0.10764799591221473
22 32.68 100000 24568.131016057207 92.02049792603798 82.78933333333335 0.1003163947246214
23 35.15499999999999 100000 23697.49423399524 102.34730991134911 92.57483333333332 0.09548347276035386
24 37.71999999999999 100000 22842.978412481174 113.21521370529994 103.10133333333332 0.08933322687791004
25 40.375 100000 22021.05511876868 124.6859701829088 114.39583333333334 0.0825284258884964
26 43.12000000000001 100000 21309.74011590406 137.2635393949046 126.48533333333336 0.07852198849807118
27 45.955 100000 20623.968679306756 150.53143467295368 139.39683333333332 0.07396861236200614
28 48.88000000000001 100000 20002.059145703024 164.81192927497116 153.15733333333336 0.07071451680050025
29 51.89499999999999 100000 19396.481304324785 179.7915159055643 167.79383333333328 0.06673108300912714

m = 30
n = 100000