30

0 1.0 100000 75413.69287890452 1.5082738575780903 0.25 0.8342476077909106
1 1.59 100000 87623.62294748855 2.524113648430183 0.5962500000000001 0.7637784652165625
2 2.24 100000 92084.87550533595 3.739672994347095 1.12 0.700508573425271
3 2.9499999999999997 100000 92329.96848777212 5.1672918478157905 1.8437499999999996 0.6431883365017691
4 3.7199999999999998 100000 89720.44348861714 6.773279472393451 2.79 0.5880872756880196
5 4.550000000000001 100000 86594.59129458014 8.649015264455953 3.98125 0.5396874813759006
6 5.4399999999999995 100000 83233.42125123885 10.809260425026954 5.4399999999999995 0.4967278253926948
7 6.39 100000 79787.68828116683 13.265007707474375 7.18875 0.4580666548765451
8 7.4 100000 76339.92930901385 16.023267997852432 9.249999999999998 0.4227145173356797
9 8.47 100000 72917.43902642361 19.082075615360328 11.646249999999998 0.3896759328096771
10 9.6 100000 70229.13948583981 22.65717200655844 14.399999999999999 0.3644396575251442
11 10.79 100000 66933.91571659826 26.35059668904587 17.533749999999998 0.33459761056231024
12 12.04 100000 63700.29757834945 30.318396194300192 21.07 0.30504239521874427
13 13.35 100000 61631.24467712721 35.164411683049806 25.03125 0.28816525566768586
14 14.719999999999997 100000 59436.57767326927 40.338570867328 29.439999999999994 0.2701774166262108
15 16.150000000000002 100000 57314.498353523566 45.94043938243477 34.31875 0.2529729697552326
16 17.64 100000 55386.443682471836 52.088218699684106 39.69 0.23802347266214535
17 19.19 100000 53564.804500704886 58.745879660142386 45.57625000000001 0.22417963159853135
18 20.8 100000 51727.486046594764 65.78541393054738 52.0 0.20955122278475377
19 22.47 100000 49903.601547262544 73.21010872876862 58.98375 0.19432232755554196
20 24.2 100000 48593.57207711042 81.83220493020441 66.55 0.1867504968641475
21 25.99 100000 47348.18022026965 91.110831459525 74.72125 0.17988620229863558
22 27.84 100000 45651.98005648347 99.95145315199821 83.52 0.16439433979024365
23 29.75 100000 44348.88012558113 110.035103747842 92.96875 0.1550991744139352
24 31.72 100000 42945.834284831544 120.2955805738636 103.08999999999999 0.14302753677055563
25 33.75 100000 41902.097842878014 132.0385855798152 113.90625 0.13732603617489136
26 35.84 100000 40828.2006373306 144.24663702815033 125.44 0.13037833959678477
27 37.99 100000 39728.007318339885 156.87247708358248 137.71375000000003 0.12212930808362628
28 40.199999999999996 100000 39034.63516840724 171.75231801442456 150.75 0.12228258842282809
29 42.47 100000 38072.28226533799 186.13582839815248 164.57125000000002 0.11585398997996726


m = 30
n = 10000