30

0 1.0 100000 74850.27087155027 1.4970054174310052 0.25 0.8329999363469089
1 1.5141 100000 83979.27687255741 2.4209205456865353 0.5659770558576773 0.7662141135254916
2 2.0988 100000 85514.18197246347 3.507863658792083 1.041467412770844 0.7031049339216711
3 2.7577000000000003 100000 84273.19835421057 4.834185505148251 1.7013855257711168 0.6480512541442202
4 3.4944 100000 80179.22886224088 6.317041287204331 2.5712188862349357 0.5929710177067952
5 4.312499999999999 100000 75621.36071727662 8.043680142201168 3.6769937079494808 0.542871715067568
6 5.2156 100000 71453.03871939023 10.09883406222406 5.045241927245498 0.5004134243459004
7 6.2073 100000 66945.81738216813 12.390025925398112 6.7029699477849976 0.45900275042647903
8 7.2912 100000 63207.76963950751 15.11566275986736 8.677629297038727 0.4259180404528373
9 8.4709 100000 58974.4696485727 18.00299001181231 10.99708921806426 0.38915206802599267
10 9.75 100000 55227.83412129338 21.283057491307574 13.689611143354613 0.3567836224214625
11 11.132100000000001 100000 52024.12365279632 25.052694534235922 16.783824958199652 0.3300590906393878
12 12.620800000000001 100000 49058.238664970755 29.24660635031096 20.30870694299987 0.3056046674357505
13 14.219700000000001 100000 46358.03846447239 33.920689210728014 24.293559278089774 0.283812922338662
14 15.932400000000005 100000 44018.22331697853 39.21907674214447 28.76799099554922 0.26647964752736286
15 17.7625 100000 41598.52877589636 44.79952665747414 33.76190026709807 0.24637819222437263
16 19.713600000000003 100000 39735.715154729485 51.37381749774343 39.305457923656896 0.23491264932018402
17 21.7893 100000 37135.6999171571 57.27413118256943 45.42909210944227 0.20681307299746565
18 23.993199999999998 100000 36091.23179600735 66.00866630927277 52.163473980926916 0.20974809979460085
19 26.328900000000004 100000 33949.41428598951 73.22472636213638 59.53950436827751 0.1868934535334137
20 28.8 100000 32627.77604088914 82.56288654563463 67.58830132379758 0.1813718711682907
21 31.4101 100000 31246.07439321285 92.30993735241142 76.34118848835456 0.1729905720019396
22 34.1628 100000 29479.32688191428 101.21282200125812 85.8296842127232 0.1519880335748736
23 37.06170000000001 100000 28579.02391800993 113.54148124340956 96.0854913762341 0.15374107926030497
24 40.110400000000006 100000 27218.096494073616 124.61877958819143 107.1404878500917 0.14025407563657386
25 43.3125 100000 26101.409124868784 137.19371725497996 119.02671755725193 0.13241859803218206
26 46.67159999999999 100000 25111.443770297126 150.97369092763273 131.77638208485672 0.1271566504390357
27 50.1913 100000 23948.531001093852 164.12113996678914 145.42183280895154 0.11393600581632275
28 53.87520000000001 100000 23043.01754652554 179.4128380061507 159.99556349458726 0.10822678425552679
29 57.72690000000002 100000 22326.026790039792 196.87778552990542 175.53020333747435 0.10843062936213498

m = 30  # Number of experiments
n = 100000  # Number of samples

base_lambda = 1
base_alpha = 1
base_theta = 1 

i, r, len(times), sum(times), Et, At, abs(Et - At)/Et

["Experimento", "r", "n", "Tiempo Total", "\EE \tau", "\Aa \tau", "Error Relativo"]