30

0 1.0003361410421212 100000 93870.17881626851 1.517260781141347 0.3056104288643067 0.7985775203163074
1 1.5347575196360286 100000 85815.21775238668 2.5738879679452995 0.8295672991562582 0.677698753991033
2 2.157915717007763 100000 68553.34706281101 3.969335436793622 1.7046936694181547 0.5705342376417589
3 2.885417509458807 100000 54151.42239650711 5.764605846179545 3.015263588937118 0.47693499444797866
4 3.719108342859 100000 44136.81266059596 8.117199055381468 4.845342046015295 0.403077094333054
5 4.659295239857171 100000 36993.28303890387 11.101489795826856 7.278959487605623 0.3443258858516588
6 5.7060157134848675 100000 31481.189696865033 14.681200332484295 10.400131819397378 0.2916020772235107
7 6.859253608471845 100000 27375.50503446587 19.039988073493774 14.292866371423129 0.24932377498068276
8 8.11898501187902 100000 24351.91932334192 24.39869649014568 19.041164860198784 0.21958269910487782
9 9.48518846486808 100000 21767.080228418206 30.504448501413425 24.729025160380672 0.18933052799709355
10 10.957846634542259 100000 19806.59369171051 37.855863094639595 31.4404424418983 0.1694696707007513
11 12.536945934223315 100000 18116.934346540365 46.20448107847238 39.25940992739073 0.15031163620875512
12 14.222475773360514 100000 16677.150490165695 55.683605467476646 48.26991941016531 0.1331394760643055
13 16.01442786503002 100000 15445.407168769214 66.39622229102353 58.55596161618374 0.11808293309933937
14 17.912795674692184 100000 14418.625615021956 78.62735946797362 70.20152646193573 0.10716159188163872
15 19.917574002116055 100000 13505.004487362507 92.19754940126204 83.29060324134251 0.09660718986309202
16 22.028758669204638 100000 12700.635564533808 107.27255477760886 97.90718076336367 0.08730447441716041
17 24.24634628736658 100000 12001.773158904034 124.08486116858587 114.13524745477315 0.08018394524610736
18 26.570334083436162 100000 11356.458599467413 142.34272878007974 132.05879143793499 0.07224771809758888
19 29.00071976847336 100000 10818.817481810342 162.9590542203656 151.76180059037532 0.06871206809318192
20 31.53750143804038 100000 10277.823653969253 184.55402893621644 173.32826259091996 0.06082644963105197
21 34.18067749572022 100000 9825.011225944781 208.77845504414375 196.84216495579827 0.05717203954700066
22 36.93024659392786 100000 9392.65907854362 234.60266454870057 222.38749506716172 0.052067479732324756
23 39.78620758769738 100000 9012.875856564175 262.95824094527666 250.0482401958127 0.049095250649134885
24 42.74855949829085 100000 8671.410800340529 293.8192763742806 279.9083875194668 0.04734505178310167
25 45.81730148430647 100000 8339.417036883577 326.4080896137742 312.05192413753855 0.04398226003902892
26 48.992432818561845 100000 8022.715630384934 360.9191028934307 346.56283708319864 0.039776963023403784
27 52.27395286946123 100000 7752.4244667178045 398.99068792431774 383.52511333327163 0.03876174321637221
28 55.661861085871664 100000 7478.887322053032 438.43317325526175 423.02273981641184 0.03514887645118437
29 59.15615698476634 100000 7228.594835148692 480.71166762566463 465.13970341989665 0.032393564072786436

m = 30  # Number of experiments
n = 100000  # Number of samples

base_lambda = 1
base_mu = 1.128
base_k = 2

i, r, len(times), sum(times), Et, At, abs(Et - At)/Et

["Experimento", "r", "n", "Tiempo Total", "\EE \tau", "\Aa \tau", "Error Relativo"]