30
0 1.0 300000 166675.16908714577 149714 1.1132904677394617 0.25 0.7754404557980044
1 1.5141 300000 173248.1975097714 104544 1.6571797282462062 0.5659770558576773 0.6584697204468878
2 2.0988 300000 171634.1233659054 73321 2.340859008550148 1.041467412770844 0.5550917808518955
3 2.7577000000000003 300000 165910.70461696573 52598 3.154315841229053 1.7013855257711168 0.4606166245203315
4 3.4944 300000 159705.18937574903 37916 4.2120790530580505 2.5712188862349357 0.3895606293599401
5 4.312499999999999 300000 153383.55619108395 28169 5.445118967342964 3.6769937079494808 0.32471747082070995
6 5.2156 300000 146808.17773747302 21361 6.872720272340856 5.045241927245498 0.2659032046524595
7 6.2073 300000 140842.42947841965 16194 8.697198312857827 6.7029699477849976 0.22929549187404266
8 7.2912 300000 134907.75215076416 12506 10.787442199805227 8.677629297038727 0.19558045954624845
9 8.4709 300000 129401.60075024675 9855 13.130553094900737 10.99708921806426 0.16248088419557963
10 9.75 300000 123813.43808242539 7658 16.167855586631678 13.689611143354613 0.1532821981244186
11 11.132100000000001 300000 118791.2735250672 6235 19.05232935446146 16.783824958199652 0.11906703658419565
12 12.620800000000001 300000 114692.08034512204 5152 22.261661557671204 20.30870694299987 0.08772726193918623
13 14.219700000000001 300000 110105.74444134791 4100 26.855059619840954 24.293559278089774 0.09538241128530964
14 15.932400000000005 300000 105491.6081346191 3249 32.468946794281045 28.76799099554922 0.1139844732932236
15 17.7625 300000 101321.38576805714 2758 36.737268226271624 33.76190026709807 0.08099045200769181
16 19.713600000000003 300000 97350.41033750783 2366 41.14556649936932 39.305457923656896 0.044721916169039325
17 21.7893 300000 93463.52587740567 1853 50.43903177409912 45.42909210944227 0.09932664225385657
18 23.993199999999998 300000 89861.46460870167 1586 56.659183233733714 52.163473980926916 0.0793465241858648
19 26.328900000000004 300000 87006.2815399972 1342 64.83329473919315 59.53950436827751 0.08165234224500124
20 28.8 300000 83528.74833715998 1176 71.02784722547618 67.58830132379758 0.04842531536623719
21 31.4101 300000 80707.61837213617 1039 77.67816975181537 76.34118848835456 0.01721180181938527
22 34.1628 300000 77251.85215756946 903 85.55022387327736 85.8296842127232 0.00326662312257404
23 37.06170000000001 300000 74880.48517311574 759 98.65676570897989 96.0854913762341 0.026062828172683
24 40.110400000000006 300000 71857.88768948143 681 105.51819043976715 107.1404878500917 0.015374575734888133
25 43.3125 300000 69523.77545999091 610 113.97340239342772 119.02671755725193 0.04433767052404508
26 46.67159999999999 300000 67421.35454006286 522 129.15968302694034 131.77638208485672 0.020259410650385248
27 50.1913 300000 64989.52256342251 440 147.7034603714148 145.42183280895154 0.015447353479233872
28 53.87520000000001 300000 62935.10566243495 424 148.4318529774409 159.99556349458726 0.07790585568519334
29 57.72690000000002 300000 60926.735527134035 318 191.59350794696238 175.53020333747435 0.08384054753011115

m = 30  # Number of experiments
n = 100000  # Number of samples

base_lambda = 1
base_alpha = 1
base_theta = 1 

i, r, len(times), sum(times), fails, Et, At, abs(Et - At)/Et

Time:   

["Experimento", "r", "n", "Tiempo Total", "Fallos", "\EE \tau", "\Aa \tau", "Error Relativo"]