29
0 1.0003361410421212 300000 188591.34555534177 185663 1.0157723701294377 0.3056104288643067 0.6991349264349813
1 1.5347575196360286 300000 170364.5110129535 99954 1.7044291475374023 0.8295672991562582 0.5132873077447451
2 2.157915717007763 300000 148680.85085404094 51987 2.8599621223390645 1.7046936694181547 0.40394536833098177
3 2.885417509458807 300000 127068.08626979515 28169 4.510919318037387 3.015263588937118 0.3315633962061196
4 3.719108342859 300000 108955.02788650135 16338 6.668810618588649 4.845342046015295 0.2734323520135084
5 4.659295239857171 300000 94585.68843980362 10042 9.419009006154512 7.278959487605623 0.22720537979638317
6 5.7060157134848675 300000 83235.5786120112 6565 12.678686764967434 10.400131819397378 0.17971537492873052
7 6.859253608471845 300000 74114.94698137943 4343 17.06538037793678 14.292866371423129 0.16246423725181863
8 8.11898501187902 300000 66777.09503249245 3083 21.65977782435694 19.041164860198784 0.12089749882907218
9 9.48518846486808 300000 60602.45894069615 2089 29.01027235074014 24.729025160380672 0.1475769389062713
10 10.957846634542259 300000 55543.39910222192 1597 34.77983663257478 31.4404424418983 0.09601523509023054
11 12.536945934223315 300000 51206.33186494176 1209 42.35428607522065 39.25940992739073 0.07307114425995666
12 14.222475773360514 300000 47559.6553952103 913 52.09162693889408 48.26991941016531 0.07336510209619321
13 16.01442786503002 300000 44341.79899366606 648 68.42870215071923 58.55596161618374 0.14427776976962184
14 17.912795674692184 300000 41553.5798105504 542 76.66712142167971 70.20152646193573 0.08433334707041262
15 19.917574002116055 300000 39094.40549324602 457 85.54574506180748 83.29060324134251 0.02636182335936887
16 22.028758669204638 300000 36887.18361362107 382 96.5633078890604 97.90718076336367 0.013917013653335288
17 24.24634628736658 300000 34995.695753397056 282 124.09821189147893 114.13524745477315 0.08028290081583256
18 26.570334083436162 300000 33211.36584307876 277 119.8966275923421 132.05879143793499 0.10143874844374433
19 29.00071976847336 300000 31635.318601008872 195 162.23240308209677 151.76180059037532 0.06454075938468878
20 31.53750143804038 300000 30194.795299757305 185 163.21510972841787 173.32826259091996 0.061962111714594884
21 34.18067749572022 300000 28887.663018921983 150 192.58442012614657 196.84216495579827 0.022108459380373514
22 36.93024659392786 300000 27690.55754220099 109 254.04181231377055 222.38749506716172 0.1246027847081808
23 39.78620758769738 300000 26582.714634513977 101 263.1951944011285 250.0482401958127 0.04995134594015003
24 42.74855949829085 300000 25555.34437130368 82 311.6505411134595 279.9083875194668 0.10185175190322104
25 45.81730148430647 300000 24612.44659240924 91 270.46644607043123 312.05192413753855 0.15375466595319623
26 48.992432818561845 300000 23743.227095382645 63 376.8766205616293 346.56283708319864 0.08043423716031105
27 52.27395286946123 300000 22930.92972942161 45 509.5762162093691 383.52511333327163 0.2473645724947001
28 55.661861085871664 300000 22163.01192140735 51 434.5688612040657 423.02273981641184 0.026569141092306636
29 59.15615698476634 300000 21463.199561610403 49 438.0244808491919 465.13970341989665 0.061903440917587205

m = 30  # Number of experiments
n = 300000  # Number of samples

base_lambda = 1
base_mu = 1.128
base_k = 2

i, r, len(times), sum(times), fails, Et, At, abs(Et - At)/Et

Time:   14m 26s

["Experimento", "r", "n", "Tiempo Total", "Fallos", "\EE \tau", "\Aa \tau", "Error Relativo"]